1 212
1 70
1 111
1 236
1 28
1 75
1 253
1 256
1 43
1 78
1 277
1 79
1 29
1 118
1 121
1 124
1 331
1 343
1 347
1 675
1 82
1 365
1 83
1 11
1 387
1 4
1 392
1 395
1 396
1 24
1 5
1 421
1 142
1 87
1 143
1 149
1 452
1 153
1 57
1 157
1 12
1 25
1 477
1 174
1 525
1 528
1 533
1 534
1 177
1 66
1 58
1 181
1 183
1 561
1 59
1 94
1 46
1 17
1 191
1 588
1 589
1 19
1 704
1 197
1 605
1 53
1 23
1 47
1 617
1 207
1 99
1 208
1 209
1 645
1 21
1 100
1 31
1 658
1 647
1 652
1 33
2 213
2 102
2 71
2 41
2 76
2 245
2 266
2 267
2 275
2 292
2 319
2 340
2 342
2 353
2 55
2 368
2 372
2 374
2 380
2 382
2 390
2 404
2 406
2 85
2 420
2 425
2 56
2 10
2 7
2 63
2 456
2 155
2 158
2 161
2 467
2 88
2 36
2 40
2 170
2 511
2 517
2 16
2 526
2 538
2 42
2 546
2 32
2 548
2 552
2 93
2 186
2 188
2 570
2 578
2 582
2 593
2 19
2 9
2 639
2 206
2 201
2 211
2 644
2 656
3 218
3 219
3 22
3 228
3 72
3 234
3 238
3 74
3 241
3 662
3 262
3 270
3 274
3 280
3 297
3 298
3 303
3 81
3 329
3 350
3 352
3 354
3 389
3 604
3 628
3 200
3 707
3 64
3 423
3 603
3 35
3 89
3 496
3 166
3 400
3 568
3 614
3 446
3 621
3 142
3 462
3 622
3 658
3 521
3 554
3 576
3 510
3 605
3 501
3 492
3 190
3 555
3 445
3 182
3 564
3 484
3 469
3 583
3 184
3 13
3 173
4 233
4 234
4 237
4 240
4 75
4 78
4 79
4 121
4 62
4 81
4 124
4 125
4 339
4 127
4 347
4 83
4 11
4 25
4 565
4 472
4 497
4 53
4 398
4 140
4 151
4 144
4 100
4 189
4 528
4 181
4 183
4 402
4 208
4 490
4 446
4 488
4 157
4 629
4 94
4 492
4 525
4 190
4 180
4 547
4 204
4 527
4 48
4 145
4 483
4 20
4 17
4 57
4 9
4 67
4 16
4 12
4 1
5 68
5 103
5 105
5 106
5 109
5 110
5 111
5 236
5 73
5 247
5 78
5 29
5 80
5 118
5 301
5 302
5 314
5 671
5 123
5 124
5 131
5 132
5 82
5 362
5 83
5 383
5 11
5 84
5 150
5 651
5 46
5 47
5 697
5 144
5 58
5 189
5 99
5 149
5 142
5 94
5 12
5 438
5 207
5 566
5 185
5 711
5 57
5 9
5 67
5 59
5 96
5 65
5 459
5 537
5 1
6 104
6 108
6 235
6 240
6 258
6 272
6 281
6 79
6 306
6 310
6 312
6 125
6 338
6 350
6 680
6 371
6 136
6 138
6 400
6 408
6 418
6 423
6 424
6 145
6 460
6 462
6 470
6 485
6 487
6 166
6 170
6 516
6 532
6 534
6 175
6 541
6 180
6 187
6 26
6 191
6 580
6 192
6 586
6 593
6 196
6 99
6 634
6 659
6 48
7 69
7 227
7 71
7 77
7 252
7 665
7 262
7 265
7 271
7 282
7 286
7 119
7 305
7 313
7 324
7 334
7 15
7 342
7 354
7 364
7 374
7 386
7 394
7 414
7 425
7 56
7 522
7 458
7 200
7 591
7 548
7 494
7 152
7 169
7 91
7 206
7 195
7 59
7 13
7 466
7 571
7 598
7 97
7 154
7 160
7 600
7 2
8 107
8 72
8 114
8 263
8 315
8 316
8 34
8 336
8 134
8 365
8 372
8 138
8 413
8 418
8 35
8 63
8 452
8 159
8 162
8 479
8 165
8 40
8 89
8 501
8 504
8 171
8 518
8 520
8 524
8 530
8 532
8 539
8 559
8 561
8 630
8 577
8 193
8 202
8 587
8 601
8 647
8 191
8 654
8 598
9 213
9 115
9 287
9 80
9 293
9 296
9 119
9 323
9 676
9 356
9 388
9 138
9 139
9 416
9 141
9 421
9 426
9 428
9 461
9 465
9 160
9 88
9 471
9 473
9 474
9 489
9 90
9 13
9 65
9 543
9 700
9 573
9 96
9 19
9 606
9 53
9 631
9 636
9 637
9 642
9 648
9 2
9 4
9 5
10 223
10 108
10 76
10 270
10 271
10 288
10 290
10 291
10 119
10 307
10 311
10 317
10 320
10 82
10 55
10 380
10 396
10 406
10 407
10 141
10 426
10 40
10 148
10 522
10 554
10 575
10 457
10 606
10 529
10 201
10 39
10 463
10 158
10 155
10 526
10 93
10 211
10 595
10 636
10 538
10 63
10 19
10 2
11 214
11 217
11 109
11 110
11 248
11 257
11 260
11 80
11 120
11 62
11 126
11 129
11 344
11 348
11 356
11 358
11 135
11 20
11 17
11 497
11 449
11 430
11 387
11 687
11 144
11 164
11 427
11 566
11 448
11 152
11 30
11 185
11 57
11 626
11 178
11 96
11 66
11 65
11 686
11 1
11 4
11 5
12 70
12 237
12 73
12 239
12 75
12 115
12 79
12 345
12 355
12 358
12 361
12 83
12 412
12 84
12 427
12 145
12 150
12 472
12 619
12 612
12 493
12 499
12 99
12 634
12 208
12 568
12 657
12 589
12 209
12 652
12 547
12 527
12 617
12 564
12 197
12 177
12 556
12 90
12 66
12 1
12 4
12 5
13 220
13 69
13 231
13 71
13 28
13 259
13 261
13 276
13 14
13 312
13 313
13 321
13 322
13 332
13 128
13 357
13 55
13 389
13 394
13 30
13 18
13 465
13 471
13 490
13 170
13 173
13 630
13 184
13 584
13 635
13 206
13 195
13 59
13 642
13 201
13 188
13 49
13 653
13 39
13 3
13 7
13 9
14 101
14 230
14 41
14 117
14 278
14 15
14 16
14 638
14 133
14 583
14 207
14 294
14 349
14 91
14 178
14 97
14 305
14 557
14 154
14 55
14 432
14 585
14 415
14 381
14 544
14 498
14 431
14 168
14 85
14 285
14 582
14 417
14 391
14 370
14 319
14 644
14 656
14 19
14 13
15 101
15 41
15 113
15 244
15 254
15 261
15 117
15 282
15 290
15 315
15 333
15 18
15 439
15 137
15 603
15 405
15 136
15 576
15 434
15 146
15 359
15 178
15 97
15 154
15 187
15 390
15 431
15 168
15 417
15 391
15 88
15 63
15 474
15 551
15 600
15 16
15 7
15 14
16 72
16 76
16 251
16 117
16 278
16 283
16 285
16 286
16 289
16 300
16 81
16 330
16 370
16 375
16 382
16 409
16 415
16 30
16 432
16 461
16 690
16 466
16 168
16 37
16 172
16 175
16 45
16 27
16 639
16 39
16 187
16 585
16 544
16 93
16 2
16 4
16 14
16 15
17 105
17 112
17 247
17 250
17 260
17 115
17 43
17 80
17 314
17 376
17 379
17 24
17 84
17 87
17 147
17 450
17 57
17 161
17 691
17 480
17 486
17 513
17 65
17 66
17 550
17 67
17 565
17 59
17 20
17 199
17 53
17 194
17 95
17 609
17 584
17 1
17 4
17 11
18 223
18 72
18 41
18 74
18 269
18 291
18 296
18 299
18 346
18 351
18 360
18 375
18 384
18 388
18 137
18 410
18 422
18 146
18 439
18 616
18 659
18 591
18 37
18 504
18 650
18 702
18 637
18 473
18 60
18 592
18 97
18 161
18 39
18 597
18 173
18 13
18 15
19 105
19 222
19 76
19 77
19 245
19 267
19 340
19 353
19 368
19 409
19 414
19 84
19 85
19 420
19 459
19 155
19 463
19 158
19 694
19 90
19 172
19 542
19 66
19 551
19 553
19 67
19 186
19 570
19 573
19 595
19 21
19 211
19 1
19 2
19 9
19 10
19 14
20 61
20 71
20 112
20 250
20 269
20 276
20 279
20 280
20 281
20 284
20 288
20 123
20 328
20 127
20 140
20 86
20 151
20 57
20 480
20 486
20 513
20 536
20 550
20 563
20 571
20 198
20 53
20 602
20 624
20 592
20 635
20 4
20 11
20 17
21 68
21 61
21 106
21 73
21 253
21 257
21 279
21 120
21 121
21 318
21 126
21 335
21 132
21 135
21 86
21 443
21 149
21 449
21 468
21 515
21 174
21 179
21 58
21 556
21 558
21 46
21 95
21 194
21 594
21 199
21 613
21 53
21 1
21 19
22 212
22 130
22 668
22 306
22 436
22 341
22 243
22 713
22 572
22 695
22 329
22 274
22 488
22 506
22 428
22 303
22 352
22 622
22 298
22 521
22 143
22 239
22 209
22 157
22 629
22 94
22 182
22 535
22 339
22 610
22 184
22 3
23 214
23 230
23 238
23 663
23 666
23 284
23 62
23 331
23 126
23 383
23 398
23 399
23 147
23 437
23 689
23 481
23 493
23 553
23 560
23 574
23 579
23 194
23 594
23 604
23 198
23 199
23 53
23 641
23 640
23 651
23 47
23 1
24 216
24 109
24 75
24 264
24 120
24 335
24 337
24 131
24 362
24 135
24 376
24 378
24 397
24 514
24 442
24 523
24 430
24 710
24 98
24 546
24 609
24 500
24 503
24 509
24 596
24 58
24 457
24 1
24 17
25 101
25 61
25 104
25 224
25 225
25 228
25 255
25 317
25 327
25 34
25 341
25 386
25 434
25 435
25 52
25 579
25 649
25 491
25 64
25 163
25 496
25 601
25 524
25 167
25 657
25 510
25 469
25 1
25 4
26 221
26 224
26 229
26 249
26 258
26 304
26 324
26 325
26 128
26 345
26 355
26 369
26 683
26 377
26 393
26 402
26 416
26 688
26 453
26 478
26 167
26 541
26 569
26 572
26 641
26 623
26 196
26 621
26 6
27 217
27 111
27 112
27 114
27 316
27 323
27 328
27 330
27 338
27 133
27 401
27 30
27 429
27 433
27 156
27 163
27 64
27 167
27 169
27 172
27 519
27 540
27 562
27 567
27 590
27 625
27 643
27 655
27 16
28 227
28 643
28 482
28 64
28 287
28 699
28 709
28 320
28 467
28 188
28 357
28 55
28 384
28 498
28 85
28 407
28 77
28 88
28 63
28 542
28 512
28 128
28 160
28 653
28 283
28 1
28 13
29 68
29 264
29 198
29 318
29 560
29 62
29 95
29 179
29 563
29 129
29 397
29 633
29 500
29 378
29 503
29 615
29 708
29 344
29 673
29 131
29 86
29 100
29 58
29 189
29 453
29 1
29 5
30 123
30 327
30 678
30 367
30 612
30 458
30 436
30 58
30 32
30 698
30 478
30 190
30 204
30 519
30 429
30 456
30 624
30 169
30 433
30 540
30 441
30 597
30 11
30 13
30 16
30 27
31 61
31 106
31 70
31 110
31 73
31 248
31 672
31 343
31 677
31 82
31 87
31 438
31 164
31 508
31 174
31 533
31 537
31 65
31 177
31 558
31 185
31 569
31 59
31 96
31 197
31 1
32 218
32 229
32 242
32 249
32 273
32 304
32 81
32 325
32 369
32 392
32 393
32 405
32 476
32 483
32 196
32 588
32 586
32 192
32 182
32 180
32 204
32 632
32 608
32 2
32 30
33 68
33 70
33 242
33 114
33 664
33 289
33 118
33 301
33 674
33 379
33 422
33 164
33 485
33 508
33 539
33 176
33 181
33 183
33 93
33 567
33 705
33 608
33 610
33 1
34 107
34 226
34 263
34 293
34 165
34 159
34 134
34 35
34 479
34 577
34 171
34 162
34 193
34 202
34 89
34 518
34 611
34 366
34 377
34 419
34 447
34 8
34 25
35 107
35 226
35 295
35 308
35 311
35 326
35 336
35 134
35 413
35 419
35 530
35 165
35 159
35 171
35 162
35 444
35 193
35 499
35 611
35 559
35 3
35 8
35 34
36 241
36 661
36 255
36 256
36 266
36 273
36 292
36 308
36 326
36 332
36 366
36 143
36 444
36 447
36 205
36 175
36 202
36 89
36 693
36 506
36 555
36 535
36 2
37 232
37 334
37 349
37 360
37 373
37 399
37 408
37 139
37 56
37 470
37 494
37 618
37 200
37 590
37 703
37 91
37 557
37 186
37 39
37 16
37 18
38 102
38 231
38 246
38 669
38 129
38 359
38 363
38 681
38 684
38 411
38 139
38 56
38 445
38 455
38 44
38 631
38 489
38 648
38 512
38 50
39 222
39 251
39 297
39 309
39 125
39 364
39 395
39 404
39 148
39 487
39 511
39 578
39 192
39 195
39 614
39 10
39 13
39 16
39 18
39 37
40 225
40 244
40 77
40 254
40 307
40 321
40 363
40 55
40 141
40 424
40 163
40 205
40 166
40 626
40 505
40 517
40 2
40 8
40 10
41 552
41 599
41 645
41 322
41 137
41 113
41 616
41 346
41 491
41 205
41 91
41 299
41 265
41 2
41 14
41 15
41 18
42 221
42 113
42 268
42 295
42 133
42 56
42 64
42 481
42 507
42 602
42 618
42 628
42 646
42 545
42 549
42 2
43 670
43 153
43 385
43 531
43 176
43 523
43 179
43 613
43 701
43 403
43 543
43 443
43 581
43 1
43 17
44 246
44 132
44 381
44 403
44 86
44 435
44 156
44 520
44 531
44 581
44 623
44 649
44 615
44 627
44 38
45 220
45 232
45 259
45 78
45 348
45 361
45 401
45 441
45 448
45 152
45 706
45 627
45 655
45 16
46 302
46 140
46 442
46 151
46 502
46 507
46 545
46 549
46 619
46 587
46 1
46 5
46 21
47 233
47 62
47 333
47 127
47 682
47 147
47 150
47 53
47 640
47 1
47 5
47 23
48 660
48 104
48 235
48 272
48 310
48 371
48 136
48 516
48 580
48 4
48 6
49 216
49 277
49 373
49 412
49 477
49 484
49 514
49 562
49 13
50 102
50 411
50 56
50 455
50 90
50 505
50 529
50 67
50 38
51 574
51 468
51 646
51 156
51 482
51 476
51 309
51 300
52 440
52 495
52 464
52 450
52 638
52 599
52 712
52 25
53 1
53 4
53 9
53 17
53 20
53 21
53 23
53 47
54 215
54 275
54 337
54 203
54 475
54 633
54 696
55 2
55 10
55 13
55 14
55 28
55 40
56 2
56 7
56 37
56 38
56 42
56 50
57 1
57 4
57 5
57 11
57 17
57 20
58 1
58 5
58 21
58 24
58 29
58 30
59 1
59 5
59 7
59 13
59 17
59 31
60 351
60 679
60 685
60 410
60 650
60 18
61 92
61 20
61 21
61 25
61 31
62 4
62 11
62 23
62 29
62 47
63 2
63 8
63 10
63 15
63 28
64 3
64 25
64 27
64 28
64 42
65 5
65 9
65 11
65 17
65 31
66 1
66 11
66 12
66 17
66 19
67 4
67 5
67 17
67 19
67 50
68 5
68 21
68 29
68 33
69 367
69 454
69 7
69 13
70 1
70 12
70 31
70 33
71 2
71 7
71 13
71 20
72 3
72 8
72 16
72 18
73 5
73 12
73 21
73 31
74 3
74 18
75 1
75 4
75 12
75 24
76 2
76 10
76 16
76 19
77 7
77 19
77 28
77 40
78 1
78 4
78 5
78 45
79 1
79 4
79 6
79 12
80 5
80 9
80 11
80 17
81 3
81 4
81 16
81 32
82 1
82 5
82 10
82 31
83 1
83 4
83 5
83 12
84 5
84 12
84 17
84 19
85 2
85 14
85 19
85 28
86 20
86 21
86 29
86 44
87 620
87 1
87 17
87 31
88 2
88 9
88 15
88 28
89 3
89 8
89 34
89 36
90 9
90 12
90 19
90 50
91 7
91 14
91 37
91 41
92 454
92 625
92 654
92 61
93 2
93 10
93 16
93 33
94 1
94 4
94 5
94 22
95 98
95 17
95 21
95 29
96 5
96 9
96 11
96 31
97 7
97 14
97 15
97 18
98 385
98 153
98 24
98 95
99 1
99 5
99 6
99 12
100 667
100 1
100 4
100 29
101 14
101 15
101 25
102 2
102 38
102 50
103 252
103 536
103 5
104 6
104 25
104 48
105 5
105 17
105 19
106 5
106 21
106 31
107 8
107 34
107 35
108 632
108 6
108 10
109 5
109 11
109 24
110 5
110 11
110 31
111 1
111 5
111 27
112 17
112 20
112 27
113 15
113 41
113 42
114 8
114 27
114 33
115 9
115 12
115 17
116 495
116 464
116 440
117 14
117 15
117 16
118 1
118 5
118 33
119 7
119 9
119 10
120 11
120 21
120 24
121 1
121 4
121 21
122 210
122 148
122 176
123 5
123 20
123 30
124 1
124 4
124 5
125 4
125 6
125 39
126 11
126 21
126 23
127 4
127 20
127 47
128 13
128 26
128 28
129 11
129 29
129 38
130 243
130 502
130 22
131 5
131 24
131 29
132 5
132 21
132 44
133 14
133 27
133 42
134 8
134 34
134 35
135 11
135 21
135 24
136 6
136 15
136 48
137 15
137 18
137 41
138 6
138 8
138 9
139 9
139 37
139 38
140 4
140 20
140 46
141 9
141 10
141 40
142 1
142 3
142 5
143 1
143 22
143 36
144 4
144 5
144 11
145 4
145 6
145 12
146 607
146 15
146 18
147 17
147 23
147 47
148 10
148 39
148 122
149 1
149 5
149 21
150 5
150 12
150 47
151 4
151 20
151 46
152 7
152 11
152 45
153 1
153 43
153 98
154 7
154 14
154 15
155 2
155 10
155 19
156 27
156 44
156 51
157 1
157 4
157 22
158 2
158 10
158 19
159 8
159 34
159 35
160 7
160 9
160 28
161 2
161 17
161 18
162 8
162 34
162 35
163 25
163 27
163 40
164 11
164 31
164 33
165 8
165 34
165 35
166 3
166 6
166 40
167 25
167 26
167 27
168 14
168 15
168 16
169 7
169 27
169 30
170 2
170 6
170 13
171 8
171 34
171 35
172 16
172 19
172 27
173 3
173 13
173 18
174 1
174 21
174 31
175 6
175 16
175 36
176 33
176 43
176 122
177 1
177 12
177 31
178 11
178 14
178 15
179 21
179 29
179 43
180 4
180 6
180 32
181 1
181 4
181 33
182 3
182 22
182 32
183 1
183 4
183 33
184 3
184 13
184 22
185 5
185 11
185 31
186 2
186 19
186 37
187 6
187 15
187 16
188 2
188 13
188 28
189 4
189 5
189 29
190 3
190 4
190 30
191 1
191 6
191 8
192 6
192 32
192 39
193 8
193 34
193 35
194 17
194 21
194 23
195 7
195 13
195 39
196 6
196 26
196 32
197 1
197 12
197 31
198 20
198 23
198 29
199 17
199 21
199 23
200 3
200 7
200 37
201 2
201 10
201 13
202 8
202 34
202 36
203 215
203 475
203 54
204 4
204 30
204 32
205 36
205 40
205 41
206 2
206 7
206 13
207 1
207 5
207 14
208 1
208 4
208 12
209 1
209 12
209 22
210 122
211 2
211 10
211 19
212 1
212 22
213 2
213 9
214 11
214 23
215 54
215 203
216 24
216 49
217 11
217 27
218 3
218 32
219 268
219 3
220 13
220 45
221 26
221 42
222 19
222 39
223 10
223 18
224 25
224 26
225 25
225 40
226 34
226 35
227 7
227 28
228 3
228 25
229 26
229 32
230 14
230 23
231 13
231 38
232 37
232 45
233 4
233 47
234 3
234 4
235 6
235 48
236 1
236 5
237 4
237 12
238 3
238 23
239 12
239 22
240 4
240 6
241 3
241 36
242 32
242 33
243 22
243 130
244 15
244 40
245 2
245 19
246 38
246 44
247 5
247 17
248 11
248 31
249 26
249 32
250 17
250 20
251 16
251 39
252 7
252 103
253 1
253 21
254 15
254 40
255 25
255 36
256 1
256 36
257 11
257 21
258 6
258 26
259 13
259 45
260 11
260 17
261 13
261 15
262 3
262 7
263 8
263 34
264 24
264 29
265 7
265 41
266 2
266 36
267 2
267 19
268 42
268 219
269 18
269 20
270 3
270 10
271 7
271 10
272 6
272 48
273 32
273 36
274 3
274 22
275 2
275 54
276 13
276 20
277 1
277 49
278 14
278 16
279 20
279 21
280 3
280 20
281 6
281 20
282 7
282 15
283 16
283 28
284 20
284 23
285 14
285 16
286 7
286 16
287 9
287 28
288 10
288 20
289 16
289 33
290 10
290 15
291 10
291 18
292 2
292 36
293 9
293 34
294 620
294 14
295 35
295 42
296 9
296 18
297 3
297 39
298 3
298 22
299 18
299 41
300 16
300 51
301 5
301 33
302 5
302 46
303 3
303 22
304 26
304 32
305 7
305 14
306 6
306 22
307 10
307 40
308 35
308 36
309 39
309 51
310 6
310 48
311 10
311 35
312 6
312 13
313 7
313 13
314 5
314 17
315 8
315 15
316 8
316 27
317 10
317 25
318 21
318 29
319 2
319 14
320 10
320 28
321 13
321 40
322 13
322 41
323 9
323 27
324 7
324 26
325 26
325 32
326 35
326 36
327 25
327 30
328 20
328 27
329 3
329 22
330 16
330 27
331 1
331 23
332 13
332 36
333 15
333 47
334 7
334 37
335 21
335 24
336 8
336 35
337 24
337 54
338 6
338 27
339 4
339 22
340 2
340 19
341 22
341 25
342 2
342 7
343 1
343 31
344 11
344 29
345 12
345 26
346 18
346 41
347 1
347 4
348 11
348 45
349 14
349 37
350 3
350 6
351 18
351 60
352 3
352 22
353 2
353 19
354 3
354 7
355 12
355 26
356 9
356 11
357 13
357 28
358 11
358 12
359 15
359 38
360 18
360 37
361 12
361 45
362 5
362 24
363 38
363 40
364 7
364 39
365 1
365 8
366 34
366 36
367 30
367 69
368 2
368 19
369 26
369 32
370 14
370 16
371 6
371 48
372 2
372 8
373 37
373 49
374 2
374 7
375 16
375 18
376 17
376 24
377 26
377 34
378 24
378 29
379 17
379 33
380 2
380 10
381 14
381 44
382 2
382 16
383 5
383 23
384 18
384 28
385 43
385 98
386 7
386 25
387 1
387 11
388 9
388 18
389 3
389 13
390 2
390 15
391 14
391 15
392 1
392 32
393 26
393 32
394 7
394 13
395 1
395 39
396 1
396 10
397 24
397 29
398 4
398 23
399 23
399 37
400 3
400 6
401 27
401 45
402 4
402 26
403 43
403 44
404 2
404 39
405 15
405 32
406 2
406 10
407 10
407 28
408 6
408 37
409 16
409 19
410 18
410 60
411 38
411 50
412 12
412 49
413 8
413 35
414 7
414 19
415 14
415 16
416 9
416 26
417 14
417 15
418 6
418 8
419 34
419 35
420 2
420 19
421 1
421 9
422 18
422 33
423 3
423 6
424 6
424 40
425 2
425 7
426 9
426 10
427 11
427 12
428 9
428 22
429 27
429 30
430 11
430 24
431 14
431 15
432 14
432 16
433 27
433 30
434 15
434 25
435 25
435 44
436 22
436 30
437 515
437 23
438 5
438 31
439 15
439 18
440 52
440 116
441 30
441 45
442 24
442 46
443 21
443 43
444 35
444 36
445 3
445 38
446 3
446 4
447 34
447 36
448 11
448 45
449 11
449 21
450 17
450 52
451 509
451 596
452 1
452 8
453 26
453 29
454 69
454 92
455 38
455 50
456 2
456 30
457 10
457 24
458 7
458 30
459 5
459 19
460 692
460 6
461 9
461 16
462 3
462 6
463 10
463 19
464 52
464 116
465 9
465 13
466 7
466 16
467 2
467 28
468 21
468 51
469 3
469 25
470 6
470 37
471 9
471 13
472 4
472 12
473 9
473 18
474 9
474 15
475 54
475 203
476 32
476 51
477 1
477 49
478 26
478 30
479 8
479 34
480 17
480 20
481 23
481 42
482 28
482 51
483 4
483 32
484 3
484 49
485 6
485 33
486 17
486 20
487 6
487 39
488 4
488 22
489 9
489 38
490 4
490 13
491 25
491 41
492 3
492 4
493 12
493 23
494 7
494 37
495 52
495 116
496 3
496 25
497 4
497 11
498 14
498 28
499 12
499 35
500 24
500 29
501 3
501 8
502 46
502 130
503 24
503 29
504 8
504 18
505 40
505 50
506 22
506 36
507 42
507 46
508 31
508 33
509 24
509 451
510 3
510 25
511 2
511 39
512 28
512 38
513 17
513 20
514 24
514 49
515 21
515 437
516 6
516 48
517 2
517 40
518 8
518 34
519 27
519 30
520 8
520 44
521 3
521 22
522 7
522 10
523 24
523 43
524 8
524 25
525 1
525 4
526 2
526 10
527 4
527 12
528 1
528 4
529 10
529 50
530 8
530 35
531 43
531 44
532 6
532 8
533 1
533 31
534 1
534 6
535 22
535 36
536 20
536 103
537 5
537 31
538 2
538 10
539 8
539 33
540 27
540 30
541 6
541 26
542 19
542 28
543 9
543 43
544 14
544 16
545 42
545 46
546 2
546 24
547 4
547 12
548 2
548 7
549 42
549 46
550 17
550 20
551 15
551 19
552 2
552 41
553 19
553 23
554 3
554 10
555 3
555 36
556 12
556 21
557 14
557 37
558 21
558 31
559 8
559 35
560 23
560 29
561 1
561 8
562 27
562 49
563 20
563 29
564 3
564 12
565 4
565 17
566 5
566 11
567 27
567 33
568 3
568 12
569 26
569 31
570 2
570 19
571 7
571 20
572 22
572 26
573 9
573 19
574 23
574 51
575 607
575 10
576 3
576 15
577 8
577 34
578 2
578 39
579 23
579 25
580 6
580 48
581 43
581 44
582 2
582 14
583 3
583 14
584 13
584 17
585 14
585 16
586 6
586 32
587 8
587 46
588 1
588 32
589 1
589 12
590 27
590 37
591 7
591 18
592 18
592 20
593 2
593 6
594 21
594 23
595 10
595 19
596 24
596 451
597 18
597 30
598 7
598 8
599 41
599 52
600 7
600 15
601 8
601 25
602 20
602 42
603 3
603 15
604 3
604 23
605 1
605 3
606 9
606 10
607 146
607 575
608 32
608 33
609 17
609 24
610 22
610 33
611 34
611 35
612 12
612 30
613 21
613 43
614 3
614 39
615 29
615 44
616 18
616 41
617 1
617 12
618 37
618 42
619 12
619 46
620 87
620 294
621 3
621 26
622 3
622 22
623 26
623 44
624 20
624 30
625 27
625 92
626 11
626 40
627 44
627 45
628 3
628 42
629 4
629 22
630 8
630 13
631 9
631 38
632 32
632 108
633 29
633 54
634 6
634 12
635 13
635 20
636 9
636 10
637 9
637 18
638 14
638 52
639 2
639 16
640 23
640 47
641 23
641 26
642 9
642 13
643 27
643 28
644 2
644 14
645 1
645 41
646 42
646 51
647 1
647 8
648 9
648 38
649 25
649 44
650 18
650 60
651 5
651 23
652 1
652 12
653 13
653 28
654 8
654 92
655 27
655 45
656 2
656 14
657 12
657 25
658 1
658 3
659 6
659 18
660 48
661 36
662 3
663 23
664 33
665 7
666 23
667 100
668 22
669 38
670 43
671 5
672 31
673 29
674 33
675 1
676 9
677 31
678 30
679 60
680 6
681 38
682 47
683 26
684 38
685 60
686 11
687 11
688 26
689 23
690 16
691 17
692 460
693 36
694 19
695 22
696 54
697 5
698 30
699 28
700 9
701 43
702 18
703 37
704 1
705 33
706 45
707 3
708 29
709 28
710 24
711 5
712 52
713 22
